[gd_scene load_steps=20 format=3 uid="uid://f044kv1aghyn"]

[ext_resource type="PackedScene" uid="uid://bt1b8o28tedqq" path="res://scenes/shader_overlay.tscn" id="1_75qjm"]
[ext_resource type="PackedScene" uid="uid://d050guftxue6e" path="res://examples/scenes/menus/main_menu/main_menu_with_animations.tscn" id="2_gu8rq"]
[ext_resource type="Script" path="res://scenes/wobbler.gd" id="3_lpskf"]
[ext_resource type="PackedScene" uid="uid://yxkck8m3usps" path="res://scenes/spider_1.tscn" id="4_nuuoc"]
[ext_resource type="PackedScene" uid="uid://iey3ayvuv7r" path="res://scenes/spider_3.tscn" id="5_2105u"]
[ext_resource type="PackedScene" uid="uid://csrdby87501h7" path="res://scenes/spider_4.tscn" id="6_8vttb"]
[ext_resource type="PackedScene" uid="uid://co4s3n8sk0r7a" path="res://scenes/spider_2.tscn" id="7_8u7ji"]
[ext_resource type="PackedScene" uid="uid://iw5qqw6a0y7v" path="res://scenes/obstacles/obstacle_stone1.tscn" id="9_cw8t2"]
[ext_resource type="PackedScene" uid="uid://ot2g83xcslup" path="res://scenes/obstacles/obstacle_shoe.tscn" id="10_si7w5"]
[ext_resource type="PackedScene" uid="uid://dgweq45mcf7xq" path="res://scenes/obstacles/obstacle_stone2.tscn" id="11_urcus"]
[ext_resource type="PackedScene" uid="uid://rg36k8bjoory" path="res://scenes/obstacles/obstacle_stone4.tscn" id="12_0md04"]
[ext_resource type="PackedScene" uid="uid://sdmlr3kuybxu" path="res://scenes/obstacles/obstacle.tscn" id="13_flmfp"]
[ext_resource type="PackedScene" uid="uid://chcdcapoxuc3y" path="res://scenes/obstacles/obstacle_wall.tscn" id="14_30m7d"]
[ext_resource type="PackedScene" uid="uid://cednvb5q0aw6y" path="res://scenes/obstacles/obstacle_shark.tscn" id="15_piwco"]
[ext_resource type="PackedScene" uid="uid://sx6v0cpgawxg" path="res://scenes/obstacles/obstacle_seahorse.tscn" id="16_at1to"]
[ext_resource type="PackedScene" uid="uid://cvpbllrv5xokh" path="res://scenes/obstacles/obstacle_arch.tscn" id="17_2x57r"]
[ext_resource type="PackedScene" uid="uid://ceipxs5377pau" path="res://scenes/spawner.tscn" id="18_kxses"]
[ext_resource type="PackedScene" uid="uid://nn6kq63s4w8e" path="res://scenes/bubble_spawn_point.tscn" id="19_a1blg"]

[sub_resource type="PlaneMesh" id="PlaneMesh_b2i4f"]

[node name="menu_scene" type="Node3D"]

[node name="ShaderOverlay2" parent="." instance=ExtResource("1_75qjm")]

[node name="MainMenu" parent="." instance=ExtResource("2_gu8rq")]
pvp_1_path = "res://scenes/level_test_pvp_1.tscn"
coop_1_path = "res://scenes/level_test_coop_1.tscn"
pvp_2_path = "res://scenes/level_test_pvp_2.tscn"
coop_2_path = "res://scenes/level_test_coop_2.tscn"

[node name="MeshInstance3D" type="MeshInstance3D" parent="."]
transform = Transform3D(8, 0, 0, 0, 2, 0, 0, 0, 4, 0, 0, 0)
mesh = SubResource("PlaneMesh_b2i4f")

[node name="Camera3D" type="Camera3D" parent="."]
transform = Transform3D(1, 0, 0, 0, 0.173648, 0.984808, 0, -0.984807, 0.173648, 0, 3.4, 1.5)
visible = false
fov = 112.5

[node name="Wobbler" type="Node3D" parent="Camera3D"]
transform = Transform3D(1, 0, 0, 0, 0.173648, -0.984808, 0, 0.984808, 0.173648, 0, 0.886808, -3.60882)
script = ExtResource("3_lpskf")
wobble_speed = 0.37
wobble_intensity = 1.02

[node name="DirectionalLight3D" type="DirectionalLight3D" parent="."]
transform = Transform3D(1, 0, 0, 0, 0.877004, 0.480484, 0, -0.480484, 0.877004, 0.618181, 1.19974, 1.39068)

[node name="Wobbler2" type="Node3D" parent="DirectionalLight3D"]
transform = Transform3D(1, 0, 0, 0, 0.877004, -0.480484, 0, 0.480484, 0.877004, -0.618181, -0.383977, -1.79609)
script = ExtResource("3_lpskf")
wobble_speed = 0.16
wobble_intensity = 0.4

[node name="DirectionalLight3D2" type="DirectionalLight3D" parent="."]
transform = Transform3D(0.826216, 0.270682, -0.494063, 0, 0.877004, 0.480484, 0.563353, -0.396984, 0.724595, -5.03799, 2.64538, 1.39068)

[node name="Wobbler3" type="Node3D" parent="DirectionalLight3D2"]
transform = Transform3D(0.826216, 0, 0.563353, 0.270682, 0.877003, -0.396984, -0.494063, 0.480484, 0.724595, 3.37902, -0.404236, -4.76782)
script = ExtResource("3_lpskf")
wobble_speed = 0.16
wobble_intensity = 0.4

[node name="DirectionalLight3D3" type="DirectionalLight3D" parent="."]
transform = Transform3D(0.724015, -0.33143, 0.604943, 2.91008e-08, 0.877004, 0.480484, -0.689784, -0.347878, 0.634964, 4.18417, 2.64538, 1.39068)

[node name="Wobbler4" type="Node3D" parent="DirectionalLight3D3"]
transform = Transform3D(0.724015, 2.98023e-08, -0.689784, -0.33143, 0.877004, -0.347878, 0.604943, 0.480484, 0.634964, -2.07013, -0.449462, -4.68528)
script = ExtResource("3_lpskf")
wobble_speed = 0.16
wobble_intensity = 0.4

[node name="DirectionalLight3D4" type="DirectionalLight3D" parent="."]
transform = Transform3D(-0.859478, -0.24561, 0.448301, -1.30337e-08, 0.877004, 0.480484, -0.511173, 0.412965, -0.753765, 0.406433, 2.64538, -2.62446)

[node name="Wobbler5" type="Node3D" parent="DirectionalLight3D4"]
transform = Transform3D(-0.859478, 0, -0.511173, -0.24561, 0.877004, 0.412965, 0.448301, 0.480483, -0.753765, -0.992233, -1.13637, -3.43149)
script = ExtResource("3_lpskf")
wobble_speed = 0.16
wobble_intensity = 0.4

[node name="spiders" type="Node3D" parent="."]

[node name="spider1" parent="spiders" instance=ExtResource("4_nuuoc")]
transform = Transform3D(0.2, 0, 0, 0, 0.2, 0, 0, 0, 0.2, 0.4, 0.1, -0.4)
visible = false
collision_layer = 1
speed = 2

[node name="spider2" parent="spiders" instance=ExtResource("5_2105u")]
transform = Transform3D(0.2, 0, 0, 0, 0.2, 0, 0, 0, 0.2, 0.4, 0.1, 0.4)
visible = false
collision_layer = 1
speed = 2
player_num = "2"

[node name="spider3" parent="spiders" instance=ExtResource("6_8vttb")]
transform = Transform3D(0.2, 0, 0, 0, 0.2, 0, 0, 0, 0.2, -0.4, 0.1, 0.4)
visible = false
collision_layer = 1
speed = 2
player_num = "3"

[node name="spider4" parent="spiders" instance=ExtResource("7_8u7ji")]
transform = Transform3D(0.2, 0, 0, 0, 0.2, 0, 0, 0, 0.2, -0.4, 0.1, -0.4)
visible = false
collision_layer = 1
speed = 2
player_num = "4"

[node name="obstacles" type="Node3D" parent="."]

[node name="long stone 0" parent="obstacles" instance=ExtResource("9_cw8t2")]
transform = Transform3D(2.54915, 0, 0, 0, 1, 0, 0, 0, 1, -1.28233, 0.216251, 3.00323)

[node name="shoe2" parent="obstacles" instance=ExtResource("10_si7w5")]
transform = Transform3D(-0.020556, -0.345948, 0.938028, 0.0589998, -0.937011, -0.34428, 0.998046, 0.0482665, 0.0396721, 4.07253, 1.04514, -2.35232)

[node name="shoe1" parent="obstacles" instance=ExtResource("10_si7w5")]
transform = Transform3D(-0.175935, -0.198486, 0.964184, -0.00341777, 0.979579, 0.201032, -0.984396, 0.0320731, -0.17302, -4.80717, 0.216251, 1.38516)

[node name="stone" parent="obstacles" instance=ExtResource("11_urcus")]
transform = Transform3D(-0.169005, 0, -0.462928, 0, 1, 0, 0.558997, 0, -0.13996, -2.72877, 0.216251, 3.10331)

[node name="stone 2" parent="obstacles" instance=ExtResource("12_0md04")]
transform = Transform3D(1.26009, 0, 0, 0, 2.15117, 0, 0, 0, 1.18257, 1.0413, 0.216251, 1.84669)

[node name="obstacle16" parent="obstacles" instance=ExtResource("13_flmfp")]
transform = Transform3D(16, 0, 0, 0, 10, 0, 0, 0, 0.1, -0.011, 0, 4.092)

[node name="obstacle17" parent="obstacles" instance=ExtResource("13_flmfp")]
transform = Transform3D(-16, 8.74228e-07, 0, -1.39876e-06, -10, 0, 0, 0, 0.1, 0.091, 0, -4.11784)

[node name="obstacle18" parent="obstacles" instance=ExtResource("13_flmfp")]
transform = Transform3D(0.1, 0, 0, 0, 10, 0, 0, 0, 8.4, -7.986, 0, 0)

[node name="obstacle19" parent="obstacles" instance=ExtResource("13_flmfp")]
transform = Transform3D(0.1, 0, 0, 0, 10, 0, 0, 0, 8.4, 8, 0, 0)

[node name="longstone 1" parent="obstacles" instance=ExtResource("9_cw8t2")]
transform = Transform3D(1.57849, 0, 0, 0, 1, 0, 0, 0, 1, -5.71024, 0.216251, 2.87977)

[node name="longstone 3" parent="obstacles" instance=ExtResource("9_cw8t2")]
transform = Transform3D(1.24894, 0, -0.871753, 0, 1, 0, 2.22223, 0, 0.489946, -4.80308, 0.216251, 2.38463)

[node name="longstone 4" parent="obstacles" instance=ExtResource("11_urcus")]
transform = Transform3D(0.247299, 0, -0.934775, 0, 1, 0, 0.819766, 0, 0.281994, -3.52175, 0.216251, 3.16422)

[node name="wall1" parent="obstacles" instance=ExtResource("14_30m7d")]
transform = Transform3D(0.0479275, 0, -0.104047, 0, 0.20795, 0, 0.0925722, 0, 0.0538682, -1.93149, -1.07757, 1.67748)

[node name="shark" parent="obstacles" instance=ExtResource("15_piwco")]
transform = Transform3D(0.599918, 0, -0.800061, 0, 1, 0, 0.800061, 0, 0.599918, -1.71128, 0.36959, 0.187299)

[node name="seahorse" parent="obstacles" instance=ExtResource("16_at1to")]
transform = Transform3D(1.82288, 0, 0, 0, 1.76464, 0, 0, 0, 2.10459, 3.04573, 0.197193, 1.94977)

[node name="arch" parent="obstacles" instance=ExtResource("17_2x57r")]
transform = Transform3D(0.282913, 0, -0.141313, 0, 0.390858, 0, 0.0749707, 0, 0.533267, 3.91064, 0, 1.08775)

[node name="wall2" parent="obstacles" instance=ExtResource("14_30m7d")]
transform = Transform3D(-0.00338893, -3.23103e-10, -0.117102, 0.00910778, -0.207154, -0.000332968, -0.103789, -0.0181783, 0.00379439, -6.53367, 0.372091, -2.42032)

[node name="wall3" parent="obstacles" instance=ExtResource("14_30m7d")]
transform = Transform3D(0.146805, 0, -0.00536344, 0, 0.0767598, 0, 0.00630439, 0, 0.124894, 6.26836, 0.0694901, 1.43958)

[node name="wall4" parent="obstacles" instance=ExtResource("14_30m7d")]
transform = Transform3D(-0.217573, -0.00038488, -0.00699436, -0.00111674, -0.0756909, 0.0225288, -0.0121621, 0.0138354, 0.123057, 3.47713, 0.34879, 3.20793)

[node name="longstone 2" parent="obstacles" instance=ExtResource("9_cw8t2")]
transform = Transform3D(2.01834, 0, 0, 0, 1, 0, 0, 0, 1, 3.05998, 0.216251, -0.241495)

[node name="stone 1" parent="obstacles" instance=ExtResource("9_cw8t2")]
transform = Transform3D(1.74117, 0, 0, 0, 5.54633, 0, 0, 0, 2.78119, 1.7928, 0.216251, -0.0760136)

[node name="stone 4" parent="obstacles" instance=ExtResource("9_cw8t2")]
transform = Transform3D(0.698531, 0, 0.812474, 0, 1, 0, -0.426268, 0, 1.33141, 3.48078, 0.283599, -2.02596)

[node name="stone 3" parent="obstacles" instance=ExtResource("12_0md04")]
transform = Transform3D(-0.652341, 0, -0.816225, 0, 3.04448, 0, 0.622237, 0, -0.855715, 1.49503, 0.216251, -2.2132)

[node name="stone 5" parent="obstacles" instance=ExtResource("12_0md04")]
transform = Transform3D(0.901514, 0, 0, 0, 3.04448, 0, 0, 0, 1.18257, -2.17178, 0.20605, -3.49725)

[node name="wall5" parent="obstacles" instance=ExtResource("14_30m7d")]
transform = Transform3D(0.09369, -0.0396407, -0.0462591, -0.0213363, -0.203543, 0.000780026, -0.0404177, 0.0155606, -0.107642, -0.926043, 0.372091, -2.81386)

[node name="wall6" parent="obstacles" instance=ExtResource("14_30m7d")]
transform = Transform3D(-0.00449299, 0, -0.11329, 0, 0.0767598, 0, 0.193959, 0, -0.00262433, 5.49931, 0.069491, -0.698768)

[node name="arch2" parent="obstacles" instance=ExtResource("17_2x57r")]
transform = Transform3D(0.388123, 0, 0.109353, 0, 0.212674, 0, -0.0784917, 0, 0.540727, -3.02976, 0, -2.35548)

[node name="spawner" parent="." instance=ExtResource("18_kxses")]
transform = Transform3D(1, 0, 0, 0, 1, 0, 0, 0, 1, 2.21712, 0, 0)

[node name="spawn_points" type="Node3D" parent="spawner"]

[node name="bubble_spawn_point" parent="spawner/spawn_points" instance=ExtResource("19_a1blg")]
transform = Transform3D(1, 0, 0, 0, 1, 0, 0, 0, 1, -9.59812, 0, -3.09777)
cooldown = 20.0

[node name="bubble_spawn_point2" parent="spawner/spawn_points" instance=ExtResource("19_a1blg")]
transform = Transform3D(1, 0, 0, 0, 1, 0, 0, 0, 1, 4.9697, -4.76837e-07, 1.9454)
cooldown = 20.0

[node name="bubble_spawn_point3" parent="spawner/spawn_points" instance=ExtResource("19_a1blg")]
transform = Transform3D(1, 0, 0, 0, 1, 0, 0, 0, 1, 0.610559, -4.76837e-07, -1.12752)
growth_rate = 0.05
cooldown = 10.0

[node name="bubble_spawn_point4" parent="spawner/spawn_points" instance=ExtResource("19_a1blg")]
transform = Transform3D(1, 0, 0, 0, 1, 0, 0, 0, 1, -5.93742, 4.76837e-07, 2.01089)
growth_rate = 0.01
cooldown = 35.0

[node name="bubble_spawn_point5" parent="spawner/spawn_points" instance=ExtResource("19_a1blg")]
transform = Transform3D(1, 0, 0, 0, 1, 0, 0, 0, 1, -8.17852, 0, 3.45701)
cooldown = 20.0

[node name="bubble_spawn_point6" parent="spawner/spawn_points" instance=ExtResource("19_a1blg")]
transform = Transform3D(1, 0, 0, 0, 1, 0, 0, 0, 1, 4.59138, 0, 0.138518)
cooldown = 30.0

[node name="bubble_spawn_point7" parent="spawner/spawn_points" instance=ExtResource("19_a1blg")]
transform = Transform3D(1, 0, 0, 0, 1, 0, 0, 0, 1, 0.112247, 0, 3.51507)
growth_rate = 0.03
cooldown = 25.0

[node name="bubble_spawn_point8" parent="spawner/spawn_points" instance=ExtResource("19_a1blg")]
transform = Transform3D(1, 0, 0, 0, 1, 0, 0, 0, 1, -5.57506, 0, -2.6214)
growth_rate = 0.05
cooldown = 15.0
